$ 1 0.000005 0.12840254166877416 50 5 43 5e-11
g 96 288 96 304 0 0
w 320 224 320 272 0
w 192 224 192 256 0
r 192 224 320 224 0 10000
r 192 256 96 256 0 10000
r 320 224 416 224 0 20000
r 320 336 416 336 0 20000
r 192 368 96 368 0 10000
r 192 336 320 336 0 10000
w 192 336 192 368 0
w 320 336 320 384 0
g 96 400 96 416 0 0
w 96 400 96 368 0
w 96 288 192 288 0
w 96 192 192 192 0
r 320 128 416 128 0 10000
a 192 176 320 176 8 3.7 -3.7 1000000 0.000036999260014799706 0 100000
r 192 160 96 160 0 10000
r 192 128 320 128 0 10000
w 192 128 192 160 0
w 320 128 320 176 0
v 96 192 96 160 0 0 40 3.7 0 0 0.5
g 96 192 96 208 0 0
w 96 512 96 480 0
g 96 512 96 528 0 0
w 320 448 320 496 0
w 192 448 192 480 0
r 192 448 320 448 0 10000
r 192 480 96 480 0 10000
r 320 448 416 448 0 10000
a 192 272 320 272 8 3.7 -3.7 1000000 0.00003625927481450371 0 100000
a 192 384 320 384 8 3.7 -3.7 1000000 1.850092493525324 3.7 100000
a 192 496 320 496 8 3.7 -3.7 1000000 1.850092493525324 3.7 100000
w 416 448 416 336 0
w 416 336 416 224 0
w 416 224 416 128 0
v 96 288 96 256 0 0 40 3.6260000000000003 0 0 0.5
v 96 400 192 400 0 0 40 3.7 0 0 0.5
v 96 512 192 512 0 0 40 3.7 0 0 0.5
a 480 144 608 144 8 3.7 -3.7 1000000 3.790267729798324e-7 0 100000
w 416 128 480 128 0
w 416 128 416 32 0
r 416 32 608 32 0 10000
w 608 32 608 144 0
g 480 160 480 192 0 0
v 96 624 192 624 0 0 40 3.7 0 0 0.5
w 416 560 416 448 0
a 192 608 320 608 8 3.7 -3.7 1000000 1.8500924935253238 3.7 100000
r 320 560 416 560 0 5000
r 192 592 96 592 0 10000
r 192 560 320 560 0 10000
w 192 560 192 592 0
w 320 560 320 608 0
g 96 624 96 640 0 0
w 96 624 96 592 0
g 96 96 96 112 0 0
v 96 96 96 64 0 0 40 3.7 0 0 0.5
w 320 32 320 80 0
w 192 32 192 64 0
r 192 32 320 32 0 10000
r 192 64 96 64 0 10000
a 192 80 320 80 8 3.7 -3.7 1000000 0.000036999260014799706 0 100000
r 320 32 416 32 0 5000
w 96 96 192 96 0
r 608 144 704 144 0 10000
a 704 160 832 160 8 3.7 -3.7 1000000 -3.790191925959809e-7 0 100000
r 704 112 832 112 0 10000
w 704 112 704 144 0
w 832 112 832 160 0
g 704 176 704 208 0 0
g 704 352 704 384 0 0
w 832 288 832 336 0
w 704 288 704 320 0
r 704 288 832 288 0 10000
a 704 336 832 336 8 3.7 -3.7 1000000 -5.978418770954735e-18 0 100000
g 704 528 704 560 0 0
w 832 464 832 512 0
w 704 464 704 496 0
r 704 464 832 464 0 470000
a 704 512 832 512 8 3.7 -3.7 1000000 -0.000017805711588604992 0 100000
r 608 496 704 496 0 10000
w 608 496 608 320 0
w 608 320 608 144 0
r 832 160 928 160 0 10000
r 832 336 928 336 0 10000
r 832 512 928 512 0 10000
c 704 432 832 432 0 1.2e-7 -1.780588964572088 0.001
w 704 464 704 432 0
w 832 432 832 464 0
c 608 320 704 320 0 3.9e-9 -0.03790267729798323 0.001
w 928 512 928 336 0
w 928 336 928 160 0
g 992 192 992 224 0 0
w 928 160 992 160 0
a 992 176 1120 176 8 3.7 -3.7 1000000 0.000018184003421101514 0 100000
r 928 96 1120 96 0 10000
w 928 160 928 96 0
w 1120 176 1120 96 0
r 1120 176 1232 176 0 1000
c 688 -48 688 -224 0 1e-8 1.4973047962590957 0.001
r 688 -48 768 -48 0 10000
r 768 -48 896 -48 0 10000
a 768 -144 896 -144 8 3.7 -3.7 1000000 -1.4973047962590957 -1.8500176337918766 100000
w 768 -128 768 -48 0
w 688 -224 768 -224 0
w 768 -224 768 -160 0
r 768 -224 896 -224 0 20000
w 896 -48 896 -144 0
w 896 -144 896 -224 0
g 688 -48 688 -16 0 0
r 896 -144 992 -144 0 10000
w 992 -144 992 -208 0
w 992 -208 992 -256 0
r 992 -208 1120 -208 0 470000
c 992 -256 1120 -256 0 1e-8 -2.7054295566781454 0.001
w 1120 -256 1120 -208 0
w 1120 -208 1120 -128 0
g 992 -112 992 -80 0 0
a 992 -128 1120 -128 8 3.7 -3.7 1000000 -0.00002705402502653119 0 100000
a 1232 16 1360 16 8 3.7 -3.7 1000000 2.705402502653119 -1.818400342110671 100000
w 1232 176 1232 32 0
w 1232 0 1232 -128 0
w 1232 -128 1120 -128 0
r 1360 16 1424 16 0 1000
M 1232 176 1296 176 0 2.5
M 1232 -128 1280 -128 0 2.5
I 1424 -96 1536 -96 0 0.5 5
w 1424 112 1536 112 0
w 1424 -96 1424 16 0
w 1424 16 1424 112 0
f 1536 -96 1600 -96 32 1.5 0.02
f 1536 112 1600 112 32 1.5 0.02
w 1600 -112 1600 -192 0
w 1600 96 1600 0 0
w 1600 128 1664 128 0
w 1600 -80 1664 -80 0
r 1664 -80 1664 -192 0 1000
r 1664 128 1664 0 0 1000
v 1664 0 1600 0 0 0 40 7.4 0 0 0.5
v 1664 -192 1600 -192 0 0 40 7.4 0 0 0.5
o 125 4 0 4354 5 0.1 0 2 124 0
o 137 1 0 4354 10 0.1 1 2 136 0
38 21 F1 0 0 3.7 -1 S1
38 36 F1 0 0 3.7 -1 S2
38 37 F1 0 0 3.7 -1 S3
38 38 F1 0 0 3.7 -1 S4
38 45 F1 0 0 3.7 -1 S5
38 56 F1 0 0 3.7 -1 S0
