$ 1 0.000005 10.20027730826997 50 5 43 5e-11
g 96 288 96 304 0 0
w 320 224 320 272 0
w 192 224 192 256 0
r 192 224 320 224 0 10000
r 192 256 96 256 0 10000
r 320 224 416 224 0 20000
r 320 336 416 336 0 20000
r 192 368 96 368 0 10000
r 192 336 320 336 0 10000
w 192 336 192 368 0
w 320 336 320 384 0
g 96 400 96 416 0 0
w 96 400 96 368 0
w 96 288 192 288 0
w 96 192 192 192 0
r 320 128 416 128 0 10000
a 192 176 320 176 8 3.7 -3.7 1000000 0.00003699926001479971 0 100000
r 192 160 96 160 0 10000
r 192 128 320 128 0 10000
w 192 128 192 160 0
w 320 128 320 176 0
v 96 192 96 160 0 0 40 3.7 0 0 0.5
g 96 192 96 208 0 0
w 96 512 96 480 0
g 96 512 96 528 0 0
w 320 448 320 496 0
w 192 448 192 480 0
r 192 448 320 448 0 10000
r 192 480 96 480 0 10000
r 320 448 416 448 0 10000
a 192 272 320 272 8 3.7 -3.7 1000000 0.00003699926001479971 0 100000
a 192 384 320 384 8 3.7 -3.7 1000000 1.850092493525324 3.7 100000
a 192 496 320 496 8 3.7 -3.7 1000000 1.850092493525324 3.7 100000
w 416 448 416 336 0
w 416 336 416 224 0
w 416 224 416 128 0
v 96 288 96 256 0 0 40 3.7 0 0 0.5
v 96 400 192 400 0 0 40 3.7 0 0 0.5
v 96 512 192 512 0 0 40 3.7 0 0 0.5
a 480 144 608 144 8 3.7 -3.7 1000000 9.063769872082931e-9 0 100000
w 416 128 480 128 0
w 416 128 416 32 0
r 416 32 608 32 0 10000
w 608 32 608 144 0
g 480 160 480 192 0 0
M 608 144 672 144 0 2.5
v 96 624 192 624 0 0 40 3.7 0 0 0.5
w 416 560 416 448 0
a 192 608 320 608 8 3.7 -3.7 1000000 1.8500924935253238 3.7 100000
r 320 560 416 560 0 5000
r 192 592 96 592 0 10000
r 192 560 320 560 0 10000
w 192 560 192 592 0
w 320 560 320 608 0
g 96 624 96 640 0 0
w 96 624 96 592 0
g 96 96 96 112 0 0
v 96 96 96 64 0 0 40 3.7 0 0 0.5
w 320 32 320 80 0
w 192 32 192 64 0
r 192 32 320 32 0 10000
r 192 64 96 64 0 10000
a 192 80 320 80 8 3.7 -3.7 1000000 0.00003699926001479971 0 100000
r 320 32 416 32 0 5000
w 96 96 192 96 0
o 45 64 0 4354 5 0.1 0 1
38 21 F1 0 0 3.7 -1 S1
38 36 F1 0 0 3.7 -1 S2
38 37 F1 0 0 3.7 -1 S3
38 38 F1 0 0 3.7 -1 S4
38 46 F1 0 0 3.7 -1 S5
38 57 F1 0 0 3.7 -1 S0
